85.33333333333333
43.0
66.0
74.66666666666667
59.0
58.666666666666664
61.666666666666664
64.33333333333333
61.333333333333336
68.66666666666667
36.666666666666664
77.0
59.666666666666664
55.666666666666664
63.666666666666664
38.666666666666664
57.333333333333336
67.0
39.666666666666664
58.666666666666664
55.333333333333336
60.333333333333336
46.333333333333336
52.0
64.66666666666667
72.0
41.666666666666664
50.0
57.333333333333336
64.0
71.66666666666667
46.333333333333336
51.0
39.333333333333336
62.0
56.666666666666664
46.666666666666664
76.33333333333333
87.66666666666667
77.66666666666667
60.0
61.666666666666664
59.333333333333336
76.0
65.66666666666667
57.333333333333336
64.66666666666667
77.33333333333333
48.666666666666664
51.666666666666664
79.0
62.0
62.0
73.66666666666667
48.666666666666664
80.0
32.666666666666664
48.666666666666664
57.666666666666664
68.66666666666667
77.0
39.666666666666664
56.666666666666664
57.0
67.0
81.33333333333333
42.333333333333336
71.66666666666667
54.0
49.666666666666664
64.0
53.0
40.666666666666664
52.0
58.0
36.666666666666664
58.0
51.333333333333336
41.0
52.666666666666664
56.333333333333336
57.666666666666664
62.0
52.666666666666664
69.0
80.0
55.666666666666664
46.333333333333336
61.333333333333336
53.0
63.0
62.666666666666664
50.666666666666664
54.666666666666664
67.33333333333333
71.0
65.0
68.0
60.0
62.333333333333336
47.666666666666664
69.33333333333333
58.666666666666664
55.666666666666664
67.33333333333333
56.666666666666664
57.333333333333336
56.666666666666664
55.0
74.0
42.666666666666664
62.0
61.333333333333336
63.333333333333336
84.66666666666667
80.33333333333333
51.333333333333336
80.33333333333333
55.666666666666664
39.666666666666664
45.333333333333336
78.0
79.0
78.33333333333333
64.0
70.0
82.0
77.66666666666667
66.33333333333333
69.33333333333333
82.0
39.333333333333336
67.0
66.66666666666667
71.66666666666667
61.333333333333336
70.0
51.666666666666664
61.0
55.333333333333336
62.333333333333336
55.333333333333336
70.66666666666667
42.0
73.33333333333333
79.33333333333333
61.17123287671233 59.88356164383562 61.24657534246575 
